DISTRICT|FY95|FY96|FY97|FY98|FY99|FY00|FY01|FY02|FY03|FY04|FY05|FY06|FY07|FY08|FY09|FY10|FY11|FY12|
Manchester Local SD|9208|10492|10676|11034|11744|12474|12813|11237|5690|5959|6269|6397|6973|7463|8373|8986|9358|10095|
Akron City SD|10095|10769|10908|10421|12055|13121|13200|14032|13627|5466|5892|6000|6514|6944|6999|7475|8062|8461|
Alliance City SD|8461|8385|9301|9990|9966|10023|10254|10668|10881|10228|4829|4991|5874|6354|6336|6695|6480|7361|
Ashland City SD|7361|7039|7362|7483|7746|8156|9024|9042|8941|9754|10024|4832|5067|5403|5563|6120|6642|7193|
Ashtabula Area City SD|7193|7707|8194|8252|8546|9456|9894|9806|9728|10069|10329|9918|5410|5449|6258|6481|6861|6972|
Athens City SD|6972|7832|8608|8713|9000|9616|10336|10295|10757|10581|11476|11799|12376|6043|6443|6858|7122|7410|
Barberton City SD|7410|7473|8284|8264|8351|8665|8764|8939|9152|10006|10557|11018|11270|10853|6642|6460|6875|7298|
Bay Village City SD|7298|7581|8625|9016|9622|9659|10247|10109|10181|10418|10645|10868|11164|11556|11504|13573|12807|13111|
Beachwood City SD|13111|12969|13152|14685|16449|17590|17735|18685|17763|17368|18294|20483|20038|19508|19645|19165|7390|7876|
Bedford City SD|7876|8817|9129|9071|9008|9501|10358|10888|11158|11646|11920|11836|12085|12639|12503|13047|13137|5269|
Bellaire Local SD|5269|5232|5414|6384|6328|7023|7391|8336|8639|9302|9745|9909|10241|10653|11946|11526|11226|10556|
Bellefontaine City SD|10556|4669|5105|5287|5438|5971|6535|6702|6920|7218|7798|8119|8219|8004|8963|8449|8671|8963|
Bellevue City SD|8963|9309|4700|4748|5753|6193|6444|6815|7267|7269|7145|7087|7839|8081|8776|8923|9001|8923|
Belpre City SD|8923|8946|8920|4747|4563|4908|5214|5467|5664|6188|6818|7053|7794|7993|8200|8357|8969|9281|
Berea City SD|9281|9684|10275|9879|6533|6431|6459|8005|8150|8281|8819|9514|9528|9443|10185|9963|10277|11454|
Bexley City SD|11454|11760|12029|12786|12057|6746|6975|7370|7886|8237|8708|9145|10177|10868|11096|11538|12249|13236|
Bowling Green City SD|13236|13820|14539|14785|14335|14348|5039|5097|5352|6095|6439|7380|7658|8262|8294|8662|9346|10180|
Brecksville-Broadview Height|10180|10237|10691|10563|10338|10260|10319|6712|7087|6965|6822|7521|8086|8115|8425|8790|9199|9122|
Brooklyn City SD|9122|9862|10359|11426|11545|11871|11665|11636|7212|8953|9498|9127|9533|8462|8304|9207|8938|9390|
Brunswick City SD|9390|9850|10763|10525|10233|9516|9769|10177|10295|4779|5179|5216|5624|5865|6714|7235|7633|7682|
Bryan City SD|7682|8059|8130|8047|8590|8676|8943|9096|9659|9516|5133|5147|5501|5897|6272|6769|6937|6985|
Bucyrus City SD|6985|6998|7872|8237|8688|8579|8920|9544|10094|10202|10029|5279|5582|5847|6072|6852|7130|7525|
Cambridge City SD|7525|7912|8110|8482|8324|9010|9113|9183|9660|10227|10780|11007|4730|4943|5277|5658|5912|6672|
Campbell City SD|6672|6982|7351|7751|8242|8844|8714|8249|8369|8590|9198|9611|9482|5485|5332|5900|5989|6092|
Canton City SD|6092|6311|6852|7474|7929|8429|8781|8697|9792|9997|10068|10940|10928|10553|5899|6112|6480|6787|
Celina City SD|6787|7936|8339|9338|9964|10370|9866|10777|10248|10434|10650|10917|11660|11307|10647|4368|4636|5182|
Centerville City SD|5182|5875|6310|6409|6890|7472|7911|8446|8768|8651|9287|9497|10350|11024|11087|11093|5630|5545|
Chillicothe City SD|5545|5541|6513|6917|7270|7655|8088|8165|8515|8794|9025|9432|10677|10799|10410|11086|11527|5549|
Cincinnati City SD|5549|5677|5753|6108|6099|6510|6560|7200|7363|7393|7697|8238|8660|9084|9257|9994|9860|9973|
Circleville City SD|9973|6990|6593|6789|7497|8005|8160|9181|9983|10981|12667|12734|11972|12550|12317|13013|13449|14067|
Claymont City SD|14067|14721|4533|4837|5242|5317|5510|6051|6663|7403|7838|8153|7943|7381|8735|9432|10234|10843|
Cleveland Municipal SD|10843|10896|10778|4312|4645|5216|5306|5400|6238|6714|6604|6721|7112|7649|8024|8164|8811|8964|
Cleveland Hts-Univ Hts City|8964|9222|9183|9379|6226|6649|7649|6912|7698|7756|9398|10339|10871|11114|10728|11451|12213|13355|
Columbus City SD|13355|14309|14573|15072|14551|8049|8533|8614|9509|9875|10680|11100|11991|13075|14442|14754|15488|15805|
Conneaut Area City SD|15805|16195|16037|17394|18460|18974|6331|6819|6668|7181|7421|8408|9078|9921|10356|10758|11145|11918|
Coshocton City SD|11918|12653|13969|13674|14904|14967|14613|4756|4701|4837|5244|5732|6076|6221|6780|7171|8455|9064|
Cuyahoga Falls City SD|9064|9005|8331|8686|9080|9599|9417|9739|4893|4977|5114|5483|5949|6254|6501|6872|7511|7932|
Dayton City SD|7932|8534|9143|9165|8944|8800|9313|9912|10093|5240|5257|5666|5977|6194|6896|6915|7181|7902|
Deer Park Community City SD|7902|8454|8753|8212|8623|8999|9182|9923|9741|9939|6911|7242|7807|8088|9199|9217|9564|9854|
Defiance City SD|9854|11392|11669|12732|13644|13531|12705|13425|14256|14047|14374|5081|5428|5904|6253|6853|7133|7554|
Delaware City SD|7554|8221|8576|8892|9562|10053|10541|10994|11053|10913|11357|10937|4676|4925|4922|5520|5910|6369|
Delphos City SD|6369|6967|7165|7393|7704|8370|8603|8979|8904|8352|8550|8784|8845|5463|5460|5529|6085|6370|
Dover City SD|6370|7108|7885|8363|8276|8394|9186|9390|9536|9464|10235|9822|10008|9681|4709|4524|4737|4902|
East Cleveland City SD|4902|5317|5881|6098|6837|6966|7211|7869|7913|8043|8388|8005|8061|7963|7673|4546|4507|4887|
East Liverpool City SD|4887|5188|5771|5970|6569|7007|7265|7365|7809|7947|8331|8329|8429|8479|8525|8557|7125|7022|
East Palestine City SD|7022|7486|7948|9469|9285|10391|10400|10855|10680|10769|11479|12757|13835|14215|14423|16842|17368|5933|
Eaton Community Schools City|5933|5877|6180|6429|6582|7278|7690|8311|8547|8923|9417|8984|9318|9829|10680|10806|11268|11533|
Elyria City SD|11533|4229|4388|4373|4959|5243|5626|5854|6398|6925|6850|7162|7449|7365|7963|8004|7818|7941|
Euclid City SD|7941|7963|4163|4744|4968|5555|5597|5883|6310|6748|6847|7383|7865|7626|7666|8145|8511|8659|
Fairborn City SD|8659|8978|8725|5617|6074|5915|6222|6390|7789|7706|8103|8771|9136|9775|9527|9872|9983|9886|
Fairview Park City SD|9886|10024|10328|10964|6803|7294|7763|8256|8122|8195|8976|9443|9735|10335|11382|11169|11450|12236|
Findlay City SD|12236|12452|12464|13484|12462|4571|4547|5304|5715|6119|6603|6921|7341|8199|8113|8105|8629|9560|
Fostoria City SD|9560|9458|9592|10053|10127|9887|6510|6479|6828|7392|7583|8456|9246|9957|10538|10351|11020|11049|
Franklin City SD|11049|9892|11082|12178|11994|11471|11308|5966|6351|6436|6545|7048|7303|7975|8143|8328|8826|8949|
Fremont City SD|8949|8997|9044|9470|9844|10091|10376|10269|5103|5346|6064|6259|6732|7958|7888|8031|7886|8243|
Galion City SD|8243|8124|9404|10349|10606|11191|12769|12585|12164|4816|5378|5687|5737|6105|6128|6738|7177|7492|
Gallipolis City SD|7492|7587|7463|8168|8797|9249|9529|9842|9712|9544|4561|4697|5115|5529|6015|6343|6821|7337|
Garfield Heights City SD|7337|7401|7631|8245|8685|8707|8606|8884|8494|8618|8489|5282|5275|5256|5797|6428|6485|6673|
Geneva Area City SD|6673|7334|7466|7878|7881|8265|8184|8569|8501|9172|9508|9371|4479|4561|5696|5215|5613|5480|
Girard City SD|5480|6641|7136|7413|7743|8437|8560|8892|9435|9117|10017|9729|8179|5513|5553|5696|6184|6677|
Grandview Heights City SD|6677|7544|7574|8116|8177|8804|7812|8786|9364|9838|10009|9393|8971|9688|4475|4650|4800|5087|
Winton Woods City SD|5087|5141|5527|5905|6242|6765|6781|7147|7872|8029|8346|8344|8584|8757|8525|4541|5079|5238|
Greenville City SD|5238|5760|6043|5933|6896|7295|7155|7545|6931|7196|8130|8346|10091|16677|8515|9029|7919|7968|
Hamilton City SD|7968|8427|8527|8620|8793|9505|10628|10389|11490|11472|11737|13004|13121|14130|14977|15083|15319|5482|
Heath City SD|5482|5814|6439|6554|6877|7480|7774|8644|9141|9785|10201|10876|11693|11022|11779|12636|13291|12386|
Hillsboro City SD|12386|4639|4698|4816|5535|5684|6046|6556|6714|7355|8016|8236|8357|8717|8753|8939|9020|8772|
Huron City SD|8772|9381|5061|5077|5579|5632|6176|6582|7015|7589|7533|8073|8633|9190|9272|9485|9499|9532|
Ironton City SD|9532|9190|9075|5079|5150|5965|5391|5811|6165|6498|6926|6968|6997|7318|8107|8139|8259|8058|
Jackson City SD|8058|8836|9136|9443|4363|4621|4935|5755|5867|6732|6636|6727|6950|8285|8094|8403|7827|8796|
Kent City SD|8796|9113|8887|8692|9100|5740|6380|6751|6208|6742|6839|7970|8934|8672|7565|8133|8747|9605|
Kenton City SD|9605|10619|10821|10674|10971|10734|4942|5278|5691|6157|6649|6895|7180|7593|7293|7371|7951|8026|
Kettering City SD|8026|9179|9718|10075|9559|9147|8810|4617|4355|4796|5092|5364|5798|5951|6284|6673|6907|7676|
Lakewood City SD|7676|8178|8380|9161|9332|8989|9021|8911|6608|7137|7248|7800|8094|8901|9589|9981|10439|10240|
Lancaster City SD|10240|10374|10835|11331|11508|11836|12366|12829|13926|4629|5246|5484|5883|6049|6338|6964|7374|7891|
Lebanon City SD|7891|8138|8194|8388|8765|9023|9116|9794|9184|9155|5875|6314|6104|6257|6576|6780|7412|8247|
Lima City SD|8247|8737|9434|10265|10593|10998|11078|11465|12298|12017|12005|5990|5909|6188|6403|7053|8553|8350|
Lockland City SD|8350|9670|9867|9816|10499|11146|11913|12181|12714|12632|12269|12261|5846|5514|5726|5696|6486|7018|
Logan-Hocking Local SD|7018|7967|8092|8352|8796|8972|9528|7938|8658|9205|9611|9081|9625|4277|4181|4668|4932|5245|
London City SD|5245|5758|6465|7402|6933|7424|7711|7753|7182|7440|7822|8347|8059|7983|5795|5960|5893|6027|
Lorain City SD|6027|6603|6989|7499|8651|9059|9063|9664|9369|10367|10203|10631|11414|12772|11973|7383|6668|6874|
Loveland City SD|6874|7770|8880|10175|11626|12875|12410|10723|9687|11539|11272|11241|11210|12510|12520|11985|3998|4149|
Madeira City SD|4149|4514|4723|5142|5576|6015|6546|6589|7269|7696|8024|8354|8333|8783|9384|9469|9738|4492|
Mansfield City SD|4492|4785|5204|5181|5792|5702|6247|6852|7349|7628|8491|8227|8162|9407|10324|11345|10629|8977|
Maple Heights City SD|8977|6664|6335|6569|7083|7463|8622|8435|8555|9034|9988|10317|11109|10844|9850|10410|11790|12340|
Mariemont City SD|12340|11840|4730|4762|5303|5440|6031|6169|7101|7170|7980|8316|8610|9114|8717|9322|9446|9545|
Marietta City SD|9545|9755|9843|6321|6615|6269|6341|7194|7774|7906|8370|8778|9611|10172|10155|10318|10689|10961|
Marion City SD|10961|11292|11710|11683|6056|6578|6766|6818|7121|7912|9196|9209|10322|10563|11326|12427|12535|12655|
Martins Ferry City SD|12655|14160|14406|14717|15593|5693|5715|5746|6032|6216|7144|7182|7982|7743|8827|9412|9708|10344|
Massillon City SD|10344|10024|11112|10409|11036|10916|6804|6952|7431|7255|7516|8338|8985|9557|9327|9724|10383|11235|
Maumee City SD|11235|11732|12152|12592|12856|12522|12362|4505|4631|5216|5260|5354|6288|6662|7072|7589|7497|7589|
Mayfield City SD|7589|8116|8617|8371|8534|8067|8562|8837|4471|5045|5312|5757|6252|6681|7199|7451|7645|8239|
Medina City SD|8239|7898|8381|8629|9167|9467|10114|10778|10677|5003|5585|5721|5818|5883|6366|6526|6599|6911|
Miamisburg City SD|6911|7384|7455|8427|8186|9145|8723|8866|8519|8478|5646|6155|5749|6095|6645|7150|7017|7637|
Middletown City SD|7637|8348|9167|9279|9853|10406|10488|10594|10531|11631|10296|5872|6305|6585|6794|7388|7766|8311|
Mount Healthy City SD|8311|8784|9327|10047|10116|10022|10116|10594|10649|11156|10626|11232|8319|7355|7521|7862|8237|9108|
Mount Vernon City SD|9108|9633|10387|10736|11488|11680|12052|12694|12898|13426|13940|14572|14819|6213|6307|6613|6963|7171|
Napoleon City SD|7171|7797|7951|8508|9608|9551|9193|9318|9457|9977|10428|10856|9870|9706|5071|5107|5380|5865|
Nelsonville-York City SD|5865|6179|6609|6847|7421|7731|8138|8531|8816|9158|9101|9411|9347|9678|10180|5607|5196|5779|
Newark City SD|5779|6185|6514|7127|8165|8514|9116|9440|9879|10689|10690|10807|10858|10845|10844|11013|5924|6013|
New Boston Local SD|6013|6020|6729|7281|7844|7938|8363|8917|9616|10014|10283|10553|10341|11054|10818|10533|4543|4480|
New Lexington City SD|4480|4576|4893|5330|5773|6140|6533|6822|7156|7747|7946|8391|8737|8843|8993|9044|8942|5639|
New Philadelphia City SD|5639|5629|5635|5602|5908|6240|7042|7520|7516|7526|7597|7763|8134|8915|9109|10107|10065|10900|
Niles City SD|10900|4594|4723|5035|5815|6117|6761|7470|7965|8268|8189|8727|8659|8477|8992|9117|10140|10502|
North Canton City SD|10502|10407|4939|5261|5782|5938|6277|6446|6871|7521|7871|8267|8908|9378|9377|8655|8652|9093|
North College Hill City SD|9093|9397|9638|6602|6770|6408|6377|6869|7229|8204|8381|8684|9053|9013|9382|13923|10945|9841|
North Olmsted City SD|9841|10434|10945|10002|4622|4865|5391|5517|5965|6251|6420|6902|7033|7514|7557|8528|8901|9635|
North Ridgeville City SD|9635|9562|10506|10555|10448|4319|4492|4832|5046|5548|5701|6320|6461|6781|7105|7688|7295|7410|
North Royalton City SD|7410|7113|7486|8006|8332|8639|4493|4458|4974|5301|5913|6015|6608|6955|7443|8010|7217|7593|
Norton City SD|7593|8251|8549|8056|8442|8788|8413|5175|5869|5804|5884|6196|6702|7030|7239|7469|7620|7927|
Norwalk City SD|7927|8183|8507|8945|9207|9240|9522|9528|3935|4822|5353|5334|5712|6013|6227|6521|7117|7488|
Norwood City SD|7488|7851|7861|8540|9160|9339|9530|8584|8312|6361|6214|6508|6839|7144|7942|8668|9076|9365|
Oakwood City SD|9365|9793|10220|10919|10908|11531|12226|12662|13017|13698|5319|5600|5605|6014|6721|7710|7589|7576|
Oberlin City SD|7576|7560|8028|7915|8025|8558|8661|8953|9176|9110|8732|5613|5500|5700|6456|6789|7258|7599|
Oregon City SD|7599|8254|8509|7984|8640|9019|9491|10090|9138|10679|10606|10538|4790|5069|5328|5607|5689|6538|
Orrville City SD|6538|7093|7350|7463|7127|7652|8049|8452|8621|8802|8461|8656|8771|4181|4478|4667|5053|5451|
Painsville City Local SD|5451|5526|5710|5780|6314|6501|6660|7131|7289|7765|8454|8354|8287|8383|5451|6122|6163|6302|
Parma City SD|6302|7036|7497|7592|8149|9110|9507|10214|10802|11114|11220|11940|12395|11957|11772|6901|7263|6909|
Piqua City SD|6909|7502|7620|7285|7553|8487|8910|9428|9831|9738|9445|9973|10361|10788|11241|11590|6460|6845|
Port Clinton City SD|6845|6966|7697|8983|9772|9793|9986|10104|9948|10256|10802|11477|12497|12313|12446|12217|12282|6276|
Portsmouth City SD|6276|6528|6463|6644|7104|7498|8283|8784|8729|9278|9678|10979|11055|10863|10852|10064|10365|9874|
Princeton City SD|9874|4661|5386|5470|5905|5910|6267|6754|7208|7566|7844|7774|8249|8588|9179|9392|9463|9567|
Ravenna City SD|9567|9225|7253|7603|7803|7757|7909|8604|8296|9185|8596|10161|10456|10646|11314|12109|12461|12011|
Reading Community City SD|12011|11170|10553|6251|6677|7029|7698|7242|7969|9028|9433|10069|9842|10484|11267|11727|11850|11626|
Rocky River City SD|11626|11400|11520|4648|4951|5055|5291|6595|6506|6964|7186|7211|7092|7855|8348|8918|8654|8345|
St Bernard-Elmwood Place Cit|8345|9377|9905|9613|5542|5920|6324|6898|7693|8213|8819|9388|9518|9466|10155|10793|11284|11249|
St Marys City SD|11249|10907|11417|11280|11085|5425|5735|6326|6258|6616|7145|7746|9267|8962|9406|9553|10356|10455|
Salem City SD|10455|10550|11194|11446|11517|11526|8188|8351|9174|9414|9406|9495|10351|11051|11636|12871|12645|13558|
Sandusky City SD|13558|14434|14703|14803|15922|15270|13715|5178|5273|5820|5776|6390|7487|7666|8032|8232|8622|8673|
Shaker Heights City SD|8673|9295|9295|9523|9792|10022|10004|10686|5920|6430|6314|6056|7167|7867|9528|8573|8808|9041|
Sheffield-Sheffield Lake Cit|9041|9357|9771|9754|9716|9280|9129|9112|9115|7388|7880|8117|8154|8288|8823|9068|9236|9336|
Shelby City SD|9336|10028|10782|10612|10818|11196|11928|12649|12948|12754|6361|6688|7181|7687|7950|8576|8677|9053|
Sidney City SD|9053|9950|10679|11181|12519|12224|11913|12808|12520|12365|11757|4679|4845|4972|5306|5602|6089|6488|
South Euclid-Lyndhurst City|6488|6867|6898|7255|7593|7615|8122|8349|9390|9737|10399|9575|5175|5039|5764|5985|6383|6317|
South-Western City SD|6317|6799|7725|7990|8024|8151|8953|8154|8421|8283|8784|9560|9084|5889|6297|6272|6874|7220|
Springfield City SD|7220|7853|8600|8712|9124|9491|9968|10863|11198|11488|12326|12462|13023|13071|9113|9190|9244|10151|
Steubenville City SD|10151|10824|11557|12027|12365|12924|13719|14127|15103|15151|16657|16194|17060|16756|16618|5678|5683|6139|
Stow-Munroe Falls City SD|6139|6779|7350|8156|8022|8413|8111|8270|8306|8484|8955|9054|9536|9409|10251|10952|4743|5205|
Strongsville City SD|5205|5569|5978|6499|6661|7489|7575|7943|8912|8663|7933|8080|9069|9275|8942|9346|9617|4383|
Struthers City SD|4383|4808|5078|5383|5841|5790|6244|6552|7409|8208|8671|8154|8762|8756|8962|8842|9030|8706|
Sycamore Community City SD|8706|7077|8126|8233|8940|8935|8987|9538|10965|10439|10664|10598|11067|12085|13166|12421|12986|14308|
Sylvania City SD|14308|14480|5490|5675|6008|6207|6545|6889|7326|7533|8197|8515|9140|10170|8876|9336|9627|9894|
Tallmadge City SD|9894|10397|10274|5031|5410|5662|6214|6650|7231|7984|8623|9233|9002|9510|9861|9280|9750|10083|
Tiffin City SD|10083|10490|10770|11162|5227|5304|5607|6041|6223|6557|7025|7122|7637|7939|8111|8437|9014|8777|
Toledo City SD|8777|8624|9144|9367|9224|4895|5261|5626|5942|6084|6763|7280|7521|7406|7880|8359|8698|8797|
Toronto City SD|8797|8919|9205|9343|10028|9611|5635|6031|6440|7134|7718|8417|8276|8815|8749|8679|9905|10376|
Troy City SD|10376|10388|10569|12349|11824|11563|11142|5469|5478|5675|6081|6575|6808|6752|7295|7867|8717|8192|
Upper Arlington City SD|8192|7614|7526|7225|7498|8164|8920|8864|7024|7400|7675|8438|8849|9405|10256|11360|12475|13131|
Urbana City SD|13131|12688|12637|13025|13159|13522|14733|14750|14398|5438|5924|6125|6791|6965|7284|8009|9249|9447|
Vandalia-Butler City SD|9447|9043|8980|9400|9647|10537|11203|13036|11574|10660|5418|5512|5877|6268|6535|7207|7092|7218|
Van Wert City SD|7218|7692|8275|8781|9104|9652|9656|9762|9736|9830|10328|4670|4754|4995|5482|6006|6421|6573|
Wadsworth City SD|6573|6541|6771|7137|7325|7683|8119|7890|7883|8423|8020|7556|6098|5987|6222|6620|7236|8210|
Wapakoneta City SD|8210|7860|8726|9980|10279|10604|11202|11320|11979|13269|13543|13859|12470|4756|4921|5196|5278|5518|
Warren City SD|5518|6174|6688|7148|6912|7316|7804|8520|9020|8937|9279|10553|9747|9924|5125|5265|5762|5974|
Warrensville Heights City SD|5974|6035|5958|6610|7215|7521|7634|8030|8441|8998|9373|9125|9202|9467|9411|7163|7903|8252|
Washington Court House City|8252|9293|9096|9777|9936|10750|10647|10936|11359|11973|12863|13907|14677|14840|15172|15157|4414|5225|
Wellston City SD|5225|5480|5941|6350|6497|6592|7112|7330|8091|8551|8801|9166|9440|9696|10176|10842|10804|5659|
Wellsville Local SD|5659|5633|6149|6437|6793|6995|7550|7641|8183|8311|8792|9257|9881|10801|10764|11441|11928|12126|
Westerville City SD|12126|4306|4605|5222|5261|5468|6088|6469|6845|7074|7526|8047|8600|9717|9281|8896|9039|9722|
West Carrollton City SD|9722|10064|5247|5287|5749|6352|6515|6834|7143|6991|6726|7149|7043|7706|7960|8453|8742|8786|
Westlake City SD|8786|8411|8064|3992|4308|4904|5047|5584|5857|6007|6786|6650|6927|6917|7433|7670|7885|8124|
Whitehall City SD|8124|8241|8534|8127|6587|6113|6276|6631|7002|7768|8736|9121|9434|9095|9534|10406|10869|10750|
Wickliffe City SD|10750|11409|11477|12475|11928|7591|7050|7238|7466|8038|9255|9622|10761|11640|11768|10751|12419|13843|
Willard City SD|13843|14294|14410|15243|17343|4536|5045|4948|5218|5600|5848|6361|6648|6868|7288|7653|7880|8092|
Willoughby-Eastlake City SD|8092|8594|8810|9049|8635|6031|4880|4541|4744|4979|5674|5976|6286|6483|7557|8057|9307|8890|
Wilmington City SD|8890|9005|9372|9712|10430|11251|11428|4544|4754|5101|5649|5950|6136|6990|7416|7812|8213|8269|
Wooster City SD|8269|7799|7483|7903|8556|9239|10064|10113|5590|5806|5689|6335|6519|6895|7400|7696|8071|8330|
Worthington City SD|8330|8356|8608|9236|9874|10426|10067|10891|10720|4751|4944|5364|5917|6823|7043|7139|7754|8630|
Wyoming City SD|8630|9026|8684|9580|9387|9738|9915|10597|10847|10630|6914|6760|7941|8434|8655|9196|9841|10125|
Xenia Community City SD|10125|10152|10601|10998|10955|11518|11914|12538|12880|13249|13293|5419|5776|5834|6869|6771|7070|7740|
Youngstown City SD|7740|7723|8268|8628|9575|10023|10495|10121|11369|10964|11232|11175|7869|7674|7737|8007|9347|10009|
Zanesville City SD|10009|9672|10158|9741|10151|9851|9560|9722|10981|12095|12508|12433|12431|4489|4887|4948|5398|5892|
Ada Ex Vill SD|5892|6139|6485|6927|7122|7490|8144|8890|9505|9388|9990|10283|9856|10300|6173|6191|6498|6220|
Amherst Ex Vill SD|6220|6847|6066|7616|8075|8239|8769|8946|9554|9529|10221|10020|10925|11088|10889|4281|4483|4411|
Barnesville Ex Vill SD|4411|5010|5669|5884|6068|5895|6890|7056|7559|7764|7771|7834|7951|8140|8055|8000|5568|5908|
Bluffton Ex Vill SD|5908|7147|7023|7305|7460|8444|9299|9723|10031|9570|9711|10297|10720|11051|11335|10919|10933|6079|
Bradford Ex Vill SD|6079|6702|6955|7315|8115|8644|9222|9911|10392|10322|10163|12233|12148|12301|12534|12965|13305|13367|
Bridgeport Ex Vill SD|13367|6260|6518|6702|7467|7929|8221|8866|9045|8817|9126|9744|10178|10677|10734|10704|10977|11278|
Harrison Hills City SD|11278|12189|4886|5060|5700|5461|6022|6960|7049|7852|8720|8749|9079|8663|9705|9930|10150|10835|
Caldwell Ex Vill SD|10835|11154|10215|7192|7686|7542|7829|7550|7946|8257|9488|10780|11302|12560|14630|15388|13302|13283|
Carey Ex Vill SD|13283|13823|15408|16909|5264|5258|5814|6090|6409|6768|7805|8579|8723|9231|9120|9306|9748|9430|
Carrollton Ex Vill SD|9430|9070|10297|9912|10020|4802|5036|5597|5598|6156|6287|7327|7069|7672|7352|7051|7823|7881|
Chagrin Falls Ex Vill SD|7881|8067|8426|8544|8542|8995|4752|5074|5249|5394|5679|6287|6305|6781|7216|7171|7831|7699|
Chesapeake Union Ex Vill SD|7699|7902|8328|8436|9151|8972|9081|4903|4938|5291|5444|5594|6319|6933|7596|8104|8751|7146|
Clyde-Green Springs Ex Vill|7146|7544|7964|8684|8769|9004|9351|9392|4024|4236|4878|4755|5635|5773|5948|6591|6266|6826|
Coldwater Ex Vill SD|6826|7278|7730|8306|8081|8008|8469|8640|8309|5835|6534|6370|6410|6965|7527|7341|7326|7970|
Columbiana Ex Vill SD|7970|7911|8414|8357|8824|9145|9056|9517|9209|9387|4744|5143|5135|5594|5636|6352|6465|7150|
Covington Ex Vill SD|7150|7841|8318|8579|9907|9618|9091|9261|10184|9294|8898|4338|4571|4753|5022|5315|6246|7004|
Crestline Ex Vill SD|7004|6816|7120|7367|8040|8310|8677|9817|9840|10586|9615|9660|3942|4211|4603|4791|5367|5829|
Crooksville Ex Vill SD|5829|6341|6626|6851|7269|7766|7684|8018|8451|7934|8832|9364|9268|2644|4840|4951|5514|5662|
Fairport Harbor Ex Vill SD|5662|5733|6202|6668|6757|7069|7212|7270|7626|7928|8108|8269|8408|8995|3915|4247|4431|4551|
Georgetown Ex Vill SD|4551|4965|5240|5371|5836|6688|7179|7044|7425|8146|7888|7719|8181|8511|8744|7235|7152|7481|
Gibsonburg Ex Vill SD|7481|7634|7912|8568|8991|9430|9623|10305|10984|10746|11325|10874|11332|11912|12304|12311|4838|5001|
Granville Ex Vill SD|5001|5121|5176|5612|6097|6469|7117|7437|7280|6850|7436|7706|7820|8298|8922|8997|8658|4507|
Greenfield Ex Vill SD|4507|4798|5280|5390|6027|6459|6496|6923|7097|7555|7946|7955|8126|8746|8750|8975|8771|8553|
Hicksville Ex Vill SD|8553|4324|4668|4762|5361|5621|6157|6732|6984|7333|7738|7949|7860|8854|9107|9633|9626|9848|
Hubbard Ex Vill SD|9848|9479|5205|5190|5460|5811|6055|5954|6572|7097|7059|7287|6955|6694|7168|7087|8058|9150|
Indian Hill Ex Vill SD|9150|8967|8325|4371|4840|5509|5463|5867|5928|6701|7351|6970|7668|8163|8050|8177|8257|8717|
Leetonia Ex Vill SD|8717|9037|8962|9100|5365|5924|6160|6075|7224|6792|7972|9135|9403|9471|8046|9739|10337|10045|
Lisbon Ex Vill SD|10045|9722|9776|9752|10039|5053|5240|5500|4722|5401|5881|6454|6837|7329|8193|8288|8424|8414|
Loudonville-Perrysville Ex V|8414|8827|9304|9427|10169|9896|5599|5950|6073|6470|6997|7455|8671|9102|8489|8048|8283|7734|
Marysville Ex Vill SD|7734|9032|8653|9127|9707|9313|10148|3868|3933|3811|4567|4993|6331|6490|6412|6624|6979|7041|
Mechanicsburg Ex Vill SD|7041|7266|8552|8321|8473|7963|8139|8298|4565|4736|5103|5370|6033|5972|7040|6564|6765|7155|
Mentor Ex Vill SD|7155|7201|7998|8111|8333|8167|9009|9317|9445|5117|5699|5652|5594|6445|6826|7739|7956|7589|
Milford Ex Vill SD|7589|7883|8351|8780|9164|9277|9530|10273|10339|10220|4366|4428|4577|4652|5319|5479|6375|7105|
Milton-Union Ex Vill SD|7105|7136|6808|7771|8000|8048|8057|8339|8508|8827|8910|4283|4549|4625|4843|5344|5805|6298|
Montpelier Ex Vill SD|6298|6652|7297|7613|7698|7623|7821|7983|8400|7579|8212|10257|4784|5184|5497|5927|5827|5881|
Mount Gilead Ex Vill SD|5881|6571|6709|7095|7259|7534|7463|8089|8415|8687|8874|9133|8835|7255|7703|7801|9034|9919|
Newcomerstown Ex Vill SD|9919|10606|10642|10250|10594|11199|12315|12559|13378|13998|14770|15372|15209|15740|4384|4343|4810|4874|
New Richmond Ex Vill SD|4874|5110|5401|5552|6297|6732|7175|7381|7772|8067|8323|7835|8101|9013|9423|4048|4572|4754|
Newton Falls Ex Vill SD|4754|5215|5421|5789|6167|6047|6746|7201|7476|7650|8124|8808|8865|8910|11005|10286|5622|5360|
Paulding Ex Vill SD|5360|5549|6007|5956|6063|7154|7673|8568|9015|8500|8800|9565|9740|10243|10611|10486|10867|5496|
Perrysburg Ex Vill SD|5496|5283|5505|5848|5986|6921|7137|7936|8671|8720|8740|9121|9755|9696|9193|9673|9466|9809|
Rittman Ex Vill SD|9809|4580|4998|5672|5639|5396|5966|6069|6452|6652|7339|7701|7832|7408|8186|8388|8910|9444|
Rossford Ex Vill SD|9444|10361|5657|5417|5836|6316|7079|7362|8069|7726|8666|8789|8395|8965|9725|10474|11730|12163|
Tipp City Ex Vill SD|12163|12214|12593|4606|4864|4869|5373|5711|6192|6704|7130|7471|8582|9122|8329|8610|8938|8442|
Upper Sandusky Ex Vill SD|8442|9135|9749|9332|4542|4662|4747|5128|6041|5945|6278|6925|7245|7629|8118|7637|7895|8041|
Versailles Ex Vill SD|8041|8315|8390|8028|8521|4803|5388|6010|5884|6293|6051|6370|6802|7173|7567|8205|8102|7944|
Wauseon Ex Vill SD|7944|8398|9168|8745|10724|4315|4555|4896|5368|5884|6448|7155|7525|8138|8314|8319|8725|8228|
Wellington Ex Vill SD|8228|8639|8704|8862|9314|9943|4958|5311|5566|5897|6925|6946|6689|6928|7972|7275|7768|8323|
Windham Ex Vill SD|8323|9203|9415|10105|10105|9790|9475|6895|7137|7426|7792|8039|8392|9255|10409|10911|9625|10073|
Yellow Springs Ex Vill SD|10073|9612|10079|10299|11023|10921|10437|3986|4889|5256|5278|5465|5614|6318|6934|7237|7487|7325|
Allen East Local SD|7325|7739|8021|8351|7661|7908|8169|9027|4888|4980|5213|6019|6179|6641|6996|7589|8018|8473|
Bath Local SD|8473|9273|9092|8670|9259|8953|9434|9334|9852|5182|5549|5887|5883|6358|7069|7598|8401|7681|
Elida Local SD|7681|8274|8582|9194|10144|9893|9878|10098|8590|8581|4484|4671|5198|5519|5228|6177|6336|7316|
Perry Local SD|7316|7522|8150|8223|8127|7732|7298|7593|8186|9025|8759|5809|6082|6278|6527|7192|7441|8233|
Shawnee Local SD|8233|8648|8826|10201|10516|10816|11503|12032|12023|13570|13848|15589|4280|4635|4972|5241|5435|5767|
Spencerville Local SD|5767|6071|6502|6698|7041|7191|7360|7843|8301|8591|8938|9447|9225|4214|4439|4740|5223|5528|
Hillsdale Local SD|5528|5923|6035|6983|6847|7258|8015|7472|7607|7850|8441|8486|8546|8975|4391|4529|4984|5169|
Mapleton Local SD|5169|5149|5770|5930|6277|6396|6857|7386|7730|7794|8001|8415|8350|9280|8281|4269|4492|4591|
Buckeye Local SD|4591|4834|4708|5332|5797|6112|6343|6229|6637|7234|7844|7622|7689|7949|8259|7814|4186|4857|
Grand Valley Local SD|4857|4700|5301|6015|7283|6862|7053|7637|7810|7797|7705|8068|8335|8746|8395|9632|9677|4909|
Jefferson Area Local SD|4909|5051|5228|5752|6747|7189|8252|8766|8279|9057|9253|9927|10181|10549|10694|11804|12266|11746|
Pymatuning Valley Local SD|11746|6737|6862|6803|7748|8323|8978|8366|9240|8663|9826|10701|11084|11781|11299|11042|11474|10662|
Alexander Local SD|10662|10767|3857|4344|4721|4959|5053|5282|5867|6464|6495|6176|6802|7470|7659|6917|6926|7037|
Federal Hocking Local SD|7037|8101|7670|4893|6172|6222|6656|5779|6288|6446|6988|7132|7337|7473|7553|7730|8088|8453|
Trimble Local SD|8453|9000|9779|9120|4070|4116|4870|5197|5740|5680|6193|6505|6591|6639|7153|7150|7509|7930|
Minster Local SD|7930|7990|8254|8439|8151|5126|5301|5498|5589|5362|6171|6679|7512|7437|7344|7055|6949|7412|
New Bremen Local SD|7412|8034|7898|8244|9141|8977|5323|5634|5844|5899|6414|6402|6696|7149|7195|7369|7147|7222|
New Knoxville Local SD|7222|7295|7414|8005|8419|9103|8810|4369|4527|4590|5109|5498|5893|6218|6442|6878|7238|7516|
Waynesfield-Goshen Local SD|7516|7710|7936|7973|8327|9099|9486|9449|4814|5024|5533|5497|5540|5939|6367|6854|7331|7824|
St Clairsville-Richland City|7824|7826|8195|7742|7943|8063|9415|9148|9977|4894|5253|5365|5471|5853|6095|6760|6527|6678|
Shadyside Local SD|6678|7338|8504|7420|7263|7801|8043|8089|8555|8576|4807|5075|5298|5826|6327|6527|7125|7590|
Union Local SD|7590|7876|8436|8122|8377|9100|8661|8933|9202|9234|9168|4355|4654|4795|5090|5418|5538|5892|
Eastern Local SD|5892|6219|6247|6349|7068|8047|7828|8372|8662|8741|8396|7954|3978|4189|4472|4711|5355|5662|
Fayetteville-Perry Local SD|5662|6033|6375|6673|6816|7270|7487|7687|7780|8706|8753|8621|8350|4503|4654|4923|5778|5790|
Western Brown Local SD|5790|6391|7000|7176|7659|7560|8229|8777|9121|9453|8555|8554|9017|4861|4647|5084|5202|5364|
Ripley-Union-Lewis Local SD|5364|6068|6661|6762|6845|7711|8574|9034|8907|8792|8912|9172|9779|9648|4456|4779|5107|5399|
Edgewood City SD|5399|5932|6491|7337|7492|8114|9593|9817|10069|10338|10067|10251|10606|11506|11241|5067|5054|5079|
Fairfield City SD|5079|6457|7851|7326|7951|8249|9051|8853|8939|9257|10158|10238|10561|11290|12091|11484|5290|5153|
Lakota Local SD|5153|5958|5681|6224|6196|6901|7720|7337|8013|9394|9985|8448|9411|9118|9943|9351|9469|4674|
Madison Local SD|4674|4519|5092|5156|5379|5889|6654|6875|7153|6972|7167|8032|7919|8627|9260|8962|9717|9556|
New Miami Local SD|9556|4573|4791|5265|5580|6664|7392|7030|7134|7497|7442|7535|7742|7761|8215|8780|9078|9193|
Ross Local SD|9193|9898|5370|5173|5851|6168|5728|6666|6407|7211|7346|7327|7539|8094|8510|9530|8897|9144|
Talawanda City SD|9144|10116|9781|4252|4353|4595|5261|5472|5688|6159|6807|7545|7868|7470|7067|7324|7516|7737|
Brown Local SD|7737|8251|8482|7630|4415|5151|5015|4880|5065|5717|5841|6472|7064|7795|7649|7513|7641|7886|
Graham Local SD|7886|8575|8326|8551|8258|4004|4920|5017|5294|6363|6364|6715|7020|7332|7391|7107|7864|8384|
Triad Local SD|8384|8826|8731|9368|9071|2697|4610|4646|4498|5300|5590|6415|7211|6813|6937|7182|7370|7847|
West Liberty-Salem Local SD|7847|8177|8681|8946|9193|9120|9572|4034|4527|4788|4805|6499|5475|5623|6105|6296|6751|7082|
Greenon Local SD|7082|7117|7715|8423|8699|9733|8360|8412|3993|4249|4483|6905|4884|5032|5862|6474|6622|6437|
Tecumseh Local SD|6437|6751|7222|7316|7462|7800|8087|8090|8283|4138|4454|5049|5183|5764|6217|6903|7327|6968|
Northeastern Local SD|6968|7120|7983|7798|8942|9058|8825|9029|9865|9996|4482|4859|5184|5340|5811|5895|6273|6805|
Northwestern Local SD|6805|7271|7579|7513|8378|8050|8606|9453|9485|8993|8740|4851|5111|5331|5585|5957|6304|6859|
Southeastern Local SD|6859|6895|7584|7842|7662|8313|7882|8191|8541|8484|8606|8007|4563|4485|4852|5650|5850|6254|
Clark-Shawnee Local SD|6254|6438|7221|7624|8203|8026|8049|8518|9129|9503|9806|9387|8618|4520|4857|5560|5326|5810|
Batavia Local SD|5810|6246|6347|6812|7015|7568|7755|8087|8328|8379|8755|8869|9162|8887|4741|4869|5055|5601|
Bethel-Tate Local SD|5601|5951|6050|6886|7701|7869|8020|7531|7814|8311|8764|9124|9370|9173|9475|4294|4502|4858|
Clermont-Northeastern Local|4858|5225|5398|5790|6081|6743|6872|7233|6821|7581|7857|8140|8338|8460|8444|8451|4623|4893|
Felicity-Franklin Local SD|4893|5021|5492|5855|6324|6599|7121|7886|8337|8989|9521|9878|10168|10044|10328|10266|10792|4457|
Goshen Local SD|4457|4382|4577|5136|5311|5577|6100|7563|6853|7488|7543|8446|8942|8722|9474|9295|10396|9695|
West Clermont Local SD|9695|4197|4516|5017|5143|5803|6540|6319|6592|6657|7173|7426|7420|7073|7448|8672|8297|7948|
Williamsburg Local SD|7948|7597|4832|5039|5534|5706|6227|6429|6406|7111|8265|7534|7310|7692|7958|8385|8744|9164|
Blanchester Local SD|9164|9975|9083|4804|5112|5246|5406|5731|6351|6943|7266|7835|7712|8123|7892|8207|8534|8985|
Clinton-Massie Local SD|8985|9222|9522|9254|4948|4487|4624|4675|5518|5697|6375|6463|6708|7141|7285|7189|7530|7600|
East Clinton Local SD|7600|8053|8008|8244|8845|4662|4949|5565|5776|6131|6409|7120|7387|7670|7768|7635|7920|8957|
Beaver Local SD|8957|8618|9162|9626|9415|9416|4677|5067|5342|5647|5752|5719|6990|6483|6858|7484|7365|7483|
Crestview Local SD|7483|7914|8019|8438|8661|8458|8776|4670|5023|5513|5622|5840|6198|6515|6488|6827|6809|7250|
Southern Local SD|7250|7132|7358|7566|8149|8252|8503|8598|4744|4939|5709|5534|6455|7335|8366|6944|6681|6676|
United Local SD|6676|7610|7915|8149|8226|8114|10074|10090|9850|4278|4896|4858|5039|5464|5753|6575|6568|6825|
Ridgewood Local SD|6825|7104|7648|7672|8031|8000|8107|9212|8626|8355|4980|5000|5610|6509|6889|6915|7373|7978|
River View Local SD|7978|8324|7887|7335|7677|8417|8577|8091|7932|7968|4047|4232|4763|4723|4930|5220|5307|5688|
Buckeye Central Local SD|5688|6260|6320|6546|7240|7237|7578|7344|7167|7428|7301|4213|4349|4716|5612|6314|6423|7620|
Colonel Crawford Local SD|7620|6567|7010|6652|7036|7941|8287|8765|8891|9467|10072|9652|4320|4837|4925|5262|5443|6161|
Wynford Local SD|6161|6774|7321|7071|7810|8148|8473|9103|9010|9196|9197|8670|8376|4411|4675|4983|5195|5650|
Cuyahoga Heights Local SD|5650|5939|6779|7191|7623|8289|8123|8677|8654|9096|9151|9690|9873|9695|4005|4577|4697|5121|
Independence Local SD|5121|5473|5482|5920|6171|6906|7715|8383|8183|8411|8528|8881|8777|8961|8228|4443|4542|4969|
Olmsted Falls City SD|4969|5138|5714|6539|6856|6469|6790|7165|7778|8065|8557|9284|7885|8223|7748|7366|4286|4764|
Orange City SD|4764|4894|4786|5238|5506|10173|6258|6967|7169|7231|7576|7772|8191|8119|8672|8604|7863|4218|
Richmond Heights Local SD|4218|4170|4372|4946|5032|6067|6087|5907|6211|6886|7571|7633|8096|8464|8752|8615|8793|8768|
Solon City SD|8768|4308|4386|4429|5341|5650|5536|5901|6404|6645|7675|8101|7860|8153|8664|8438|8446|8745|
Ansonia Local SD|8745|8796|4318|4519|4818|5216|5315|5701|6092|6299|6437|6873|6912|7463|7718|8204|8270|8626|
Arcanum Butler Local SD|8626|8580|8609|4506|4802|5239|5570|5986|6523|7072|7246|8106|8524|7726|7785|8007|8246|8422|
Franklin-Monroe Local SD|8422|8895|8872|8874|5093|5282|4983|5628|6640|6469|7020|7634|7411|8067|7758|7913|8235|8981|
Mississinawa Valley Local SD|8981|9087|9289|9813|11848|4036|4090|4321|4175|5076|5666|6147|6492|6680|7094|7624|7507|8267|
Tri-Village Local SD|8267|8059|8628|8934|8906|8727|4000|4554|4969|5031|5613|6151|6416|6924|7415|6987|6976|7455|
Ayersville Local SD|7455|7463|7865|8242|8715|9317|8886|5268|5014|5379|5612|5771|6095|6377|7201|7529|7855|7966|
Central Local SD|7966|8704|8278|8073|8967|9295|10100|10169|5693|5915|6085|6480|6815|6966|8130|8070|7591|8451|
Northeastern Local SD|8451|8960|8821|9981|9967|9767|10278|10564|10679|5231|5408|5536|6000|6429|6668|7020|7420|8062|
Big Walnut Local SD|8062|8008|7729|7847|8006|8601|9267|8658|9262|9472|4968|5151|5193|5974|6513|7015|7163|7076|
Buckeye Valley Local SD|7076|7226|7590|7566|8419|8167|8604|8942|9776|9368|9037|11615|12772|11561|11586|13401|14572|15120|
Olentangy Local SD|15120|16340|16430|17042|16559|17811|18761|18488|19112|19168|17989|16315|9340|9328|9359|9400|9818|10428|
Berlin-Milan Local SD|10428|11021|11619|11698|11405|11123|12573|13111|13956|14594|14583|14951|16259|5243|5768|6475|6783|6934|
Kelleys Island Local SD|6934|7670|7794|8610|9086|8926|9520|9624|9763|10180|10280|9650|10101|9733|10139|9664|10335|10842|
Margaretta Local SD|10842|11607|12297|13313|13556|14859|15573|16344|17518|18247|18915|19916|21191|21464|21776|6988|7179|7329|
Perkins Local SD|7329|7181|7849|8175|8549|9052|9015|9415|9814|11146|11674|12187|11657|12203|12660|13634|7660|7674|
Vermilion Local SD|7674|7935|8238|8529|8878|9651|9909|10395|10820|11038|11125|11373|12266|12647|13169|13387|13214|4887|
Amanda-Clearcreek Local SD|4887|5193|6029|5865|7189|7276|7187|7995|7907|8151|8145|8250|8904|9669|9299|10151|10330|10472|
Berne Union Local SD|10472|4226|4327|4727|4848|5534|5820|5662|6460|6690|7253|7403|7486|8133|8219|7996|8541|9052|
Bloom Carroll Local SD|9052|8674|5249|5260|5513|5546|6224|6355|6606|6934|6978|7002|7252|6985|7722|7887|7976|8055|
Fairfield Union Local SD|8055|8412|8565|5363|5739|6362|6371|6817|6769|6859|8024|7947|7889|8403|8246|8372|8822|9213|
Liberty Union-Thurston Local|9213|9735|10487|10365|5185|5354|5816|6287|5981|6130|7045|7756|8138|8308|8082|8102|8349|8720|
Pickerington Local SD|8720|8776|8615|8855|8936|4630|6966|5542|5734|6417|6411|6389|6874|7451|7654|8254|8725|9065|
Walnut Township Local SD|9065|9290|8156|9346|9434|9643|4795|4988|5099|5317|5812|6115|6708|7495|7408|7928|7592|7838|
Miami Trace Local SD|7838|8178|8278|8627|7426|8324|9174|4813|4934|5911|5442|5664|6180|6733|7197|7008|7383|7824|
Canal Winchester Local SD|7824|8110|8719|8851|8722|8858|8783|8675|4463|5170|4964|5166|5950|6093|6660|7364|7485|7536|
Hamilton Local SD|7536|8245|8654|9284|9615|9675|9396|9261|9341|4846|5226|5352|5780|6141|6169|6921|7398|7933|
Gahanna-Jefferson City SD|7933|8123|8352|8356|9212|9457|9631|9866|9938|9748|5586|5981|6436|6320|6587|7311|7902|8359|
Groveport Madison Local SD|8359|9062|8828|8214|8507|9187|9460|9603|9466|9599|5448|5232|5674|5594|5860|6439|6931|7277|
Plain Local SD|7277|7376|7771|7858|8150|8505|8243|9198|9283|9403|9422|14635|27139|16583|15476|15657|17609|16875|
Reynoldsburg City SD|16875|21699|23040|25811|32830|40672|48033|43039|55616|57181|83691|113524|5188|5591|5540|5807|6140|6535|
Hilliard City SD|6535|6861|7161|7600|8371|8367|9288|9506|9888|10172|9817|10042|10396|5799|6070|6418|6618|7408|
Dublin City SD|7408|7620|7919|8538|8496|8556|7968|8795|9214|9434|9968|9686|9994|9856|5891|6008|6123|6181|
Archbold-Area Local SD|6181|6835|7366|7174|8083|7898|8383|8937|9129|9285|10674|9889|9929|9825|10211|3956|4543|4604|
Evergreen Local SD|4604|5010|5993|5831|5522|6541|6480|7636|7613|8335|8073|9296|8802|7876|8218|7790|4797|4864|
Gorham Fayette Local SD|4864|5149|5318|5380|5761|5996|6703|6799|7465|7396|7221|8014|8215|8665|9232|9413|9826|4527|
Pettisville Local SD|4527|4483|4421|4728|5265|5838|6607|7152|7695|7980|7767|7535|7753|8188|8334|8283|8752|8669|
Pike-Delta-York Local SD|8669|4579|4821|5188|5567|6051|6035|6456|6797|7284|7053|7356|7844|7819|7978|7904|8314|8656|
Swanton Local SD|8656|8482|4770|5169|5498|5816|5989|6596|7265|7320|7609|7954|7757|7589|8222|8332|8787|8675|
Berkshire Local SD|8675|8622|8961|4925|5352|5535|5851|6076|6371|6853|7430|7426|7998|8347|8834|8917|9299|9623|
Cardinal Local SD|9623|9876|9865|9520|5052|5357|5401|5744|6153|6185|6314|6435|6802|6648|7162|8084|8280|9346|
Chardon Local SD|9346|11268|11452|10580|10886|7525|5067|5546|5762|5579|6304|6986|7522|7794|7787|7828|8392|8961|
Kenston Local SD|8961|9187|9749|9503|9467|9399|5697|5248|5426|5868|6366|6958|7291|7330|8369|8558|8316|8569|
Ledgemont Local SD|8569|9142|9083|8839|9604|10508|9781|4493|5119|5725|6259|5927|6773|6877|7332|7669|7621|7433|
Newbury Local SD|7433|7997|7976|7694|8660|8945|8143|8504|5921|5704|5798|6271|6655|6918|7863|8129|8367|8850|
West Geauga Local SD|8850|9311|9848|10028|10719|11288|11832|11626|11426|5709|6088|6095|6253|6436|7614|8625|9180|8843|
Beavercreek City SD|8843|9590|8584|9609|9501|9646|10893|10658|10967|6527|7477|7474|7739|8664|8519|8692|9106|9257|
Cedar Cliff Local SD|9257|9267|9868|9816|10873|10947|10821|11814|12248|12137|5250|5431|5256|5461|6228|6487|7120|7321|
Greeneview Local SD|7321|7168|8652|8222|9324|8662|9412|9803|9678|9313|10140|5006|4944|5527|6070|6369|6932|7583|
Sugarcreek Local SD|7583|8366|8666|8759|9381|9806|10234|10968|10697|11475|11399|11335|5557|6481|7834|7690|6592|7886|
Rolling Hills Local SD|7886|8511|9911|9447|9511|10548|11539|11444|11731|12127|12881|13014|12709|4829|5143|5361|5396|6203|
Finneytown Local SD|6203|6682|6784|7799|7907|8386|8818|9800|8840|9076|8689|9001|9222|9310|5010|5337|5744|5564|
Forest Hills Local SD|5564|6412|6839|7447|7950|7920|7896|8242|8436|9225|9832|9749|10324|9797|10254|5071|5462|5493|
Northwest Local SD|5493|6218|6857|7301|8410|8738|8544|9033|9184|10246|12860|11801|10244|9932|10372|10324|5064|5471|
Oak Hills Local SD|5471|5715|6005|6024|6064|6900|7358|7339|7788|7530|8390|8455|8606|8645|8718|9565|9383|4654|
Southwest Local SD|4654|4813|4967|5291|6031|6638|7499|8182|7890|7980|8094|8883|9137|9881|9671|9789|10133|9870|
Three Rivers Local SD|9870|4772|4973|5411|5785|5975|6347|7141|7408|7658|6833|7077|8135|8572|9561|9617|10144|9924|
Arcadia Local SD|9924|9799|5385|5691|5925|6133|6088|6633|7186|8039|7856|7679|8072|7343|8096|8926|9047|10063|
Arlington Local SD|10063|10008|10608|5252|6113|6338|6225|6736|7877|7993|8860|9740|9713|9341|9144|8590|9376|9411|
Cory-Rawson Local SD|9411|10135|9259|10597|5407|5391|5740|6020|6124|6939|7408|7527|7870|7952|8225|8130|8321|9236|
Liberty Benton Local SD|9236|9891|10296|10024|10237|6350|6503|6060|6411|7130|7428|7987|8351|8726|9484|9801|9910|10569|
McComb Local SD|10569|10939|10916|11378|11294|11377|5657|6251|6130|6398|6507|7172|7533|7395|7828|7383|7623|7344|
Van Buren Local SD|7344|8856|8927|8464|9178|10972|10982|6257|6927|7535|7614|7501|8916|7964|8913|8918|8950|8632|
Vanlue Local SD|8632|9343|9909|10834|11221|11529|12199|13679|6279|6440|7165|6916|6487|7553|7494|8307|7760|8726|
Hardin Northern Local SD|8726|9189|9009|9848|10447|11164|11282|11490|11813|6044|5881|6078|6586|7062|8308|7030|7526|7734|
Ridgemont Local SD|7734|7594|8068|8336|9037|11376|9348|10204|10692|10307|4544|4751|5418|5588|6289|5515|6821|7506|
Riverdale Local SD|7506|7342|7970|8060|8637|8587|8824|8826|9642|9821|9125|4078|4331|4646|4869|6038|5929|6908|
Upper Scioto Valley Local SD|6908|6532|7277|7092|7219|7081|7533|8020|7854|8232|8444|8226|3185|4558|5337|5551|5861|6282|
Conotton Valley Union Local|6282|6644|7430|7048|7489|8026|8241|8720|9393|9214|8961|9670|10140|4433|4752|5118|5298|5833|
Holgate Local SD|5833|6424|6824|6845|7112|7271|7290|7406|7849|8150|8438|8957|8788|9452|5279|5512|5668|6246|
Liberty Center Local SD|6246|6769|7098|7801|8331|9008|9706|9654|10058|10602|11336|11584|11981|12243|12916|4673|4900|5286|
Patrick Henry Local SD|5286|5344|5738|6462|6849|7358|7630|8030|8547|8901|9388|10097|10463|10289|10495|10209|4693|5002|
Bright Local SD|5002|5462|5929|6399|6539|7130|7504|7606|7914|8320|8461|8507|9077|9241|9399|9675|9381|4243|
Fairfield Local SD|4243|4425|4643|5068|5311|5823|6254|6652|7036|7348|7647|7940|8318|8713|9121|9415|9652|9166|
Lynchburg-Clay Local SD|9166|4658|4643|4947|5024|5522|5850|6420|6891|7424|7708|8196|8332|8555|8816|9560|9608|10248|
East Holmes Local SD|10248|9695|5400|5569|5338|5689|6440|6793|7540|7916|8309|8942|9122|9945|10237|9908|10583|11919|
West Holmes Local SD|11919|11771|10901|5466|5091|5178|5658|6108|6228|6729|7241|7600|7479|7430|7389|8822|9245|9895|
Monroeville Local SD|9895|9533|9457|9385|4437|4556|5260|5359|5755|5930|6255|7036|7282|7522|8372|8627|8373|8959|
New London Local SD|8959|9877|10645|10271|10106|5636|5276|5614|5875|6326|6622|6960|7622|8173|7725|8348|8879|9259|
South Central Local SD|9259|10306|11525|10791|10368|10910|4436|5295|5271|5510|5768|5479|5538|6381|6553|6999|7221|7616|
Western Reserve Local SD|7616|8231|8961|9391|8867|8781|9017|4680|4937|5404|5431|6015|6228|6560|7299|7360|7185|8250|
Oak Hill Union Local SD|8250|8606|9322|9468|9052|9724|9983|10174|5016|5452|5681|6221|6286|6580|6742|6976|6972|7582|
Buckeye Local SD|7582|7907|8053|8331|8421|8590|9606|10038|10202|4603|4904|5780|6107|6144|7204|7379|7922|8725|
Edison Local SD|8725|8438|8341|8749|9663|10255|9692|11865|11152|11130|4791|4805|5002|5974|7034|6954|6986|6877|
Indian Creek Local SD|6877|7191|7294|7852|8614|7643|8222|8989|8830|9101|9080|5106|5284|5345|5757|6444|6276|6706|
Centerburg Local SD|6706|7029|6989|7441|7255|7780|7922|8225|8813|8757|8690|9983|4391|4618|5189|5481|5638|5783|
Danville Local SD|5783|6478|6867|7316|7614|7878|8951|9297|9307|10014|9527|9634|4886|4858|5158|5331|6464|6039|
East Knox Local SD|6039|6760|7434|7934|7988|7418|7754|7037|7190|8410|12091|12465|10572|5149|5269|5313|5786|6564|
Fredericktown Local SD|6564|6607|7437|7219|7997|8462|8588|8986|8972|9408|10028|10017|10158|10336|4696|4866|5108|5439|
Kirtland Local SD|5439|6648|7019|7235|7942|7661|7970|7936|8763|8973|8871|9110|9414|10047|10034|4464|4330|4858|
Madison Local SD|4858|5053|5910|6134|6213|6411|6867|7051|7920|8353|8171|8416|8725|9003|9144|10244|4657|4483|
Painsville Township Local SD|4483|5201|6018|6486|7361|7722|8154|7967|9381|10999|8901|8884|9505|9830|10599|10253|10205|4208|
Perry Local SD|4208|4382|4511|4953|5377|6295|7366|7025|7167|6837|7911|8490|9106|9136|9707|10355|10339|10157|
Dawson-Bryant Local SD|10157|4089|4289|4699|5044|5644|5843|6459|6887|7282|6983|7898|8217|8487|7860|8045|7493|8050|
Fairland Local SD|8050|8461|3994|4063|4514|4567|4933|5108|6184|6593|6785|6565|6693|7367|7626|7688|8224|8626|
Rock Hill Local SD|8626|8992|8987|4242|4769|5576|6239|5830|6391|7474|7182|7525|7671|8680|8435|8506|8861|9379|
South Point Local SD|9379|9451|9554|9633|4044|4050|4771|4961|4929|5152|5840|6433|6696|7318|7817|7846|8158|8217|
Symmes Valley Local SD|8217|8433|8584|9029|9680|4680|4718|5004|4779|5164|5988|6657|7229|6623|6863|7730|8446|8723|
Johnstown-Monroe Local SD|8723|8580|9195|9312|9351|9400|4472|5145|5164|5593|6094|6843|6694|7503|7750|7433|7455|7311|
Lakewood Local SD|7311|7626|7741|8233|8062|8963|9356|4819|5433|5118|5899|6369|6461|6586|7061|7195|7942|7816|
Licking Heights Local SD|7816|7705|8277|8380|9681|9739|9703|9954|4808|4815|5361|5286|5710|6517|7507|7699|9281|8997|
Licking Valley Local SD|8997|8814|9127|9091|8939|8788|8806|8497|8801|4570|4400|5066|5498|6105|6354|6845|6832|6878|
North Fork Local SD|6878|6852|7328|7936|7955|8286|8615|9096|8736|4619|5703|6050|6325|5715|6085|6686|6916|7214|
Northridge Local SD|7214|7514|7532|8427|8463|9090|9199|10054|10085|9932|5736|5737|5577|5926|6360|6460|6338|6941|
Southwest Licking Local SD|6941|7249|7546|8172|7980|8926|8173|8858|9581|9536|9432|5078|5320|5531|6090|6755|6918|8003|
Benjamin Logan Local SD|8003|7207|6785|7036|7372|7377|7868|8212|8400|8540|8454|8502|4279|4662|5289|4746|5921|5812|
Indian Lake Local SD|5812|6466|6475|7034|7650|7164|7897|7861|8097|8579|8681|9150|8831|4962|4904|5416|5479|5602|
Riverside Local SD|5602|6261|7153|7597|7865|7809|7415|7343|7973|9189|9270|9611|9755|9306|4617|4627|5069|4993|
Avon Local SD|4993|5269|5575|6005|6165|6320|6493|7089|7919|9016|9002|8421|8876|8676|9089|4836|4639|4870|
Avon Lake City SD|4870|5418|5800|6719|6895|7229|7566|8006|7892|8322|8725|8502|9262|8831|8901|11037|9682|8035|
Clearview Local SD|8035|8945|8235|8155|8704|9058|9973|9231|9894|9653|10347|10594|11014|11312|11935|12306|12061|5345|
Columbia Local SD|5345|5303|5682|5875|6670|6486|6884|7117|7626|7743|8060|8017|8158|8076|9099|9297|9161|9142|
Firelands Local SD|9142|7706|6039|6200|6501|6926|7189|7364|8062|8279|8156|8058|8123|8510|9442|9419|9675|9247|
Keystone Local SD|9247|8895|10289|9928|10125|11228|12160|13692|14374|15160|14009|14275|14436|14652|14930|14441|13021|13278|
Midview Local SD|13278|13350|13646|4967|5413|5745|5665|6124|6601|6486|6788|7015|7682|8188|9187|9896|10654|9988|
Anthony Wayne Local SD|9988|9298|9913|10014|3823|4087|4594|4691|4914|5219|5746|6138|6383|6709|6996|7575|7765|8335|
Ottawa Hills Local SD|8335|8581|8219|8273|8210|4523|4999|5093|4968|5238|5667|6410|6500|7558|9049|9274|9488|10311|
Springfield Local SD|10311|11427|11938|12405|13121|11883|4285|4665|5193|5458|6262|6080|5947|6784|7055|7340|7238|7888|
Washington Local SD|7888|8618|9144|8590|8907|8477|8294|4770|4913|5235|5087|5275|5978|6625|6987|7758|7832|8792|
Jefferson Local SD|8792|8671|10334|10887|10746|11364|11138|10931|4408|4524|4518|4478|5174|5901|6153|6513|6752|6377|
Jonathan Alder Local SD|6377|6843|7626|7707|7594|8026|7298|7726|8027|4867|4850|5170|5418|5757|6451|6330|6683|7507|
Madison-Plains Local SD|7507|7618|7866|8202|8548|9154|8995|9723|9754|9561|5172|5558|5840|6046|6094|6104|6101|6832|
Austintown Local SD|6832|6902|7099|7450|8515|8201|8476|8128|8620|8713|8408|3545|4133|4896|5095|5431|5697|6537|
Boardman Local SD|6537|7234|7253|7374|7524|7599|7806|7767|8103|8165|8614|9053|4231|4457|4552|5127|5331|5649|
Canfield Local SD|5649|5906|6492|6510|6801|7099|7562|7637|7752|8526|9021|8918|8838|5074|5478|5369|5547|6101|
Jackson-Milton Local SD|6101|6873|6466|6524|7329|7542|7820|8526|8127|8107|7869|8553|8844|8860|4574|4806|5223|5486|
Lowellville Local SD|5486|6093|6349|6696|7327|7842|8101|7335|8276|8199|8960|8690|9459|9383|9282|4746|4967|5047|
Poland Local SD|5047|5295|5310|5847|5505|6128|6771|7094|7917|8160|8327|8698|9026|9536|9830|10066|4730|5149|
Sebring Local SD|5149|5435|6507|5233|6028|6631|6907|7418|7626|7818|8207|8615|9065|9515|9957|9757|9417|4197|
South Range Local SD|4197|4517|5076|5276|6221|6562|6907|6286|7523|7768|7969|8505|8878|9789|9256|9574|9821|10247|
Springfield Local SD|10247|5363|5174|5455|5403|5449|6393|6582|7094|6501|7366|7264|7465|7702|7974|8001|7707|7181|
West Branch Local SD|7181|7274|5556|6037|5763|6659|6746|8266|7735|8299|8406|9397|9799|9571|9686|10047|10334|10564|
Western Reserve Local SD|10564|10904|10859|4998|5228|5542|5582|5860|7727|7316|8339|8015|8645|8704|8996|7829|8248|7956|
Elgin Local SD|7956|8511|8415|9451|4953|5189|5485|5728|6001|6490|6716|7318|7157|7386|7830|8181|8556|9506|
Pleasant Local SD|9506|10055|10100|10517|11085|4281|4549|4453|4867|6243|6259|6598|6814|7026|6808|7202|7462|7988|
Ridgedale Local SD|7988|8789|9043|9166|9761|8970|4583|4806|5006|5252|5393|6030|5860|6192|6875|6914|7044|6964|
River Valley Local SD|6964|7138|7198|7509|8279|8834|8659|4478|4835|4852|5128|4998|6409|6099|6479|7117|6680|7052|
Black River Local SD|7052|7689|7396|7268|7369|7378|7888|8279|5385|5624|5905|6426|6548|6934|7562|7412|7227|7426|
Buckeye Local SD|7426|7923|8169|8292|7989|7523|7786|8259|8960|7351|8002|8463|8973|10001|8831|9521|10020|9796|
Cloverleaf Local SD|9796|10650|11504|11639|13343|13510|14323|14530|14266|13501|5355|5783|6514|6303|7041|7471|7914|8610|
Highland Local SD|8610|8445|8547|8977|8912|8991|9509|9752|9620|9320|9118|5767|5958|6266|6817|7302|7795|7762|
Eastern Local SD|7762|8813|9104|8982|9682|9993|10319|10993|11316|11623|11584|11225|3941|4336|4955|5335|6920|6029|
Meigs Local SD|6029|6693|6707|6854|7344|7632|7517|8216|8464|9278|9231|9651|9344|4308|4579|4684|4879|5537|
Southern Local SD|5537|5311|5925|6374|6558|6529|6579|7652|7511|8089|7402|8212|8360|8429|4321|4499|4802|5189|
Marion Local SD|5189|5429|5791|6357|6612|6843|7721|7279|7937|8073|8871|9141|10048|10103|10658|5008|5384|5426|
Parkway Local SD|5426|6130|6336|6818|7163|7782|8071|8076|8316|8368|8503|8575|8349|8263|8240|7802|5372|5627|
St Henry Consolidated Local|5627|5619|6184|6646|7020|7367|7668|7634|7899|8226|8406|8529|8861|8532|8740|8662|8135|4739|
Fort Recovery Local SD|4739|4986|5288|5336|5720|6315|6475|7041|6818|7099|7397|7878|7878|8105|8307|8747|8905|8764|
Bethel Local SD|8764|5471|5618|5849|5907|6312|6975|7407|8140|8379|8377|8676|8584|8965|9361|8555|9485|9536|
Miami East Local SD|9536|9152|4793|4844|4957|5286|5876|6706|6536|6342|6410|6705|6392|7110|7336|7108|7660|8062|
Newton Local SD|8062|8363|4573|4738|4965|5300|5563|6165|6550|6962|6869|6831|7322|8157|8127|8401|8304|8874|
Switzerland Of Ohio Local SD|8874|9325|8633|5226|5238|5545|6055|6174|6965|7438|7943|7992|8212|8369|8284|8305|8879|9388|
Brookville Local SD|9388|9484|10215|9834|4830|5143|5597|5907|5956|6451|7136|7229|7154|7601|7926|9478|8594|8955|
Jefferson Township Local SD|8955|9140|9964|9180|4961|5025|5345|5488|5387|5925|6709|7088|7604|7519|7396|7615|7729|8174|
Trotwood-Madison City SD|8174|8203|8584|9132|9122|5025|5233|5279|5622|5907|5779|6501|6615|6733|7337|7537|7421|7664|
Mad River Local SD|7664|7686|7466|7774|8625|9014|4523|5039|4894|5596|5656|6111|6324|6737|6952|7288|7391|7416|
New Lebanon Local SD|7416|7506|7831|8194|8741|9023|9491|4482|4799|4464|4888|5219|5606|6206|6259|6791|7720|7837|
Northmont City SD|7837|7796|8733|8934|8745|8919|9596|9616|4666|4498|4556|4938|5165|5440|5444|5748|5856|6260|
Northridge Local SD|6260|6627|6584|6947|7744|7903|8229|8154|8148|4464|4689|4999|5379|11898|12765|6932|7700|7529|
Valley View Local SD|7529|8007|7379|7236|7728|8426|8705|9111|9058|9039|4916|5019|5343|5635|6196|6683|7004|7356|
Huber Heights City SD|7356|7228|6718|7319|7355|7628|7562|7799|7755|7459|7246|5332|4253|5932|5730|5982|5996|6200|
Morgan Local SD|6200|6311|6858|7742|7932|8096|8080|9035|9379|9527|8714|9126|4964|5347|5558|5753|5913|6879|
Cardington-Lincoln Local SD|6879|7393|8199|8255|8703|8347|7742|8200|8454|9246|8953|8627|8406|4499|4201|4952|5277|5700|
Highland Local SD|5700|6249|6370|7088|7073|7000|7228|7486|7905|8990|9163|9816|9959|9865|5508|5533|5917|6185|
Northmor Local SD|6185|6174|6940|6588|6971|7154|7315|8122|7907|7834|7779|8523|8681|8449|8336|4761|4598|5073|
East Muskingum Local SD|5073|4911|5764|5880|6274|7003|7356|7446|7792|8205|8020|8015|8624|8670|9111|5573|4571|4914|
Franklin Local SD|4914|5351|5411|6017|6644|7470|7669|8337|8746|9114|9630|9639|10796|10202|10702|11088|11648|5500|
Maysville Local SD|5500|5033|5137|5498|6227|6850|7283|7766|8551|8180|8310|8580|8576|9001|9921|11425|11043|11042|
Tri-Valley Local SD|11042|4461|4643|4872|5231|5272|5866|6368|6854|7139|7116|7435|7815|8328|8371|8652|9022|9143|
West Muskingum Local SD|9143|9494|4653|4929|5018|5594|6254|6306|6848|7566|7677|7656|7462|7652|8474|9189|9540|9991|
Noble Local SD|9991|10141|10196|4282|4597|5094|5350|5417|5754|6256|6715|6814|6970|6412|7356|7626|8436|9216|
Benton Carroll Salem Local S|9216|9752|9892|9667|4717|5006|5338|5765|6522|6328|7407|7200|7082|7387|7934|7884|8425|9033|
Danbury Local SD|9033|9745|9456|9421|10212|4527|4750|5316|5467|6239|5799|6150|6357|6453|6467|6891|7398|7934|
Genoa Area Local SD|7934|8536|8920|9088|9265|8826|4605|4702|4690|5441|5595|5782|6432|6825|6860|7078|7619|7519|
North Bass Local SD|7519|7843|8733|9126|9169|9457|9835|4216|4586|5167|5602|6073|6257|6873|7302|6717|7165|7690|
Put-In-Bay Local SD|7690|8538|9025|8662|8487|9040|9829|9365|5447|5630|6188|6081|6192|6620|6996|7495|8009|8329|
Antwerp Local SD|8329|8898|9233|9077|9157|9612|10557|1548|3465|4804|4884|5422|6125|6044|6443|6475|6910|7088|
Wayne Trace Local SD|7088|7405|8097|8579|8274|8109|8351|8752|9380|9383|7252|7796|7425|8255|8094|10135|11226|10992|
Northern Local SD|10992|10481|9887|10764|10793|13123|13948|13596|13705|14780|14569|5020|5148|5372|6126|6772|8130|7958|
Southern Local SD|7958|7781|8465|9221|10136|10077|11411|10849|10823|11587|11305|11156|5650|5631|5912|5919|6213|6598|
Logan Elm Local SD|6598|7127|7966|8018|8752|8971|9603|9376|10280|10132|10989|11846|11074|4550|4404|4527|5137|6294|
Teays Valley Local SD|6294|6415|6694|7745|7417|7419|7289|7756|8266|8426|8771|9716|9877|10068|4875|5121|5453|5629|
Westfall Local SD|5629|5666|6178|6661|7100|7375|7406|7847|8404|8718|8992|9862|9850|10008|9847|5938|6458|6844|
Eastern Local SD|6844|7367|7710|8509|9300|10071|10004|10630|10891|11247|12254|12105|11428|11493|12433|11443|4695|5071|
Scioto Valley Local SD|5071|5408|5800|6257|6583|7359|7621|7440|8228|7984|8151|8684|9087|9790|10274|10832|10774|4738|
Waverly City SD|4738|4881|5196|5550|5902|5839|6710|7256|7774|8453|8983|8895|9540|10126|10897|10767|11244|10936|
Western Local SD|10936|5359|4982|6476|5663|6450|7017|12765|8229|8037|8479|9351|9286|9292|9698|9745|9838|10025|
Aurora City SD|10025|10035|4034|4639|4912|4977|5418|6224|6254|6916|7118|7260|7792|8345|8338|9109|9669|9477|
Crestwood Local SD|9477|9004|10055|4248|4583|4764|5208|5600|5952|6194|7389|7006|7525|8007|8045|8047|8155|8802|
Field Local SD|8802|8786|8631|8814|4428|4461|4820|5143|5646|6174|6950|7238|7418|7635|7663|8011|8114|8801|
James A Garfield Local SD|8801|9317|9741|10105|10127|4296|4475|5027|5129|5960|5732|6130|6652|6846|7659|7576|8164|7927|
Rootstown Local SD|7927|8064|8197|8427|8532|8657|4073|4201|4510|4602|5388|5911|6029|6380|6751|7298|7409|7533|
Southeast Local SD|7533|7818|8230|8316|8795|9074|9750|4203|4565|4596|5168|5836|6017|6280|6440|7047|7187|7544|
Streetsboro City SD|7544|7640|7947|8470|9023|8826|9092|9603|3718|5154|4704|4724|4981|5420|5633|5924|6176|6853|
Waterloo Local SD|6853|7205|7456|7600|8282|8372|8556|8383|8557|4347|4987|4955|4959|5567|6054|6309|6491|6680|
National Trail Local SD|6680|7189|7436|7356|7370|7831|8457|8490|8755|8519|4244|4452|4885|5403|5399|5948|6168|6682|
Preble-Shawnee Local SD|6682|7106|7461|7803|7722|7793|8053|8241|9034|9686|10576|7195|7767|8405|8376|8612|8723|8456|
Twin Valley Community Local|8456|8555|8765|8905|9374|9900|10194|10945|10736|11134|10803|11435|6495|6767|7205|7111|8178|8837|
Columbus Grove Local SD|8837|9507|10682|11150|11919|12417|12028|13849|14511|15993|16147|16898|15782|4825|4646|4948|5244|5755|
Continental Local SD|5755|6575|9214|7775|7277|7200|6975|7933|7896|8142|8169|7995|7580|7547|13581|15829|23145|20642|
Jennings Local SD|20642|36772|65819|12213|70415|48745|89826|11530|12002|10479|9960|12599|12357|14399|15786|17679|21113|23090|
Kalida Local SD|23090|25749|28455|28593|29337|28409|28926|31852|4482|4586|4754|5760|6262|6229|6806|7084|7461|8042|
Leipsic Local SD|8042|8381|8126|8073|8295|8458|7632|9195|9326|5594|5298|5897|6283|6540|6531|6944|7306|7039|
Miller City-New Cleveland Lo|7039|7101|7578|7691|8361|8703|8985|8494|8694|8839|4680|4369|4456|4958|5078|5675|5650|6230|
Ottawa-Glandorf Local SD|6230|6120|6627|7019|7780|7879|8407|9059|9284|10128|10455|4317|5027|5202|5641|6002|6656|6344|
Ottoville Local SD|6344|6889|7514|8421|8971|9566|9669|10712|11631|11654|12196|13546|4629|4729|5028|5537|6012|6388|
Pandora-Gilboa Local SD|6388|6730|6736|7684|8332|8273|7577|8295|8307|8933|9291|9958|9415|4178|4284|4575|4689|5003|
Clear Fork Valley Local SD|5003|5635|6030|6523|7429|7656|8210|7943|8037|8344|8695|9263|9607|9273|4457|4432|5012|5259|
Crestview Local SD|5259|5345|5917|6583|6783|7174|7419|7335|7497|8979|8445|8350|7899|8042|8537|4480|4932|5217|
Lexington Local SD|5217|5214|5727|6162|6957|7430|8022|8114|8195|8569|8550|9093|9580|9221|9624|9557|4180|4595|
Lucas Local SD|4595|4978|4958|5119|5586|6185|7189|7520|7826|8265|9185|9722|9171|9150|9555|9521|9863|4474|
Madison Local SD|4474|4548|4888|4933|5190|5680|6208|6471|6540|6824|7814|7499|7897|8069|8392|8949|9154|8653|
Plymouth-Shiloh Local SD|8653|4340|4892|5116|5412|5958|5817|6909|7474|8362|8217|9145|9067|9460|10702|10781|12030|11328|
Ontario Local SD|11328|11462|5985|6191|6317|6527|7189|7486|7440|7849|7919|8091|9253|9411|9113|9759|9734|10438|
Adena Local SD|10438|10945|11026|4457|4716|5004|5248|5400|6233|6527|6666|7235|7370|8495|7879|8057|9025|9219|
Huntington Local SD|9219|9782|10228|10426|4516|4709|4999|5239|5648|6116|6470|6971|7231|7083|7374|7469|7737|7899|
Paint Valley Local SD|7899|7900|7772|8254|7594|4512|4734|5126|5415|6275|5748|6118|6310|7001|6976|7000|7115|7437|
Southeastern Local SD|7437|7547|7386|7696|8084|8485|4897|4924|5180|5423|5729|5993|6397|6686|7085|7527|7523|7306|
Union Scioto Local SD|7306|7640|7843|7973|7849|8317|8236|4746|4285|4630|5154|5445|6211|6418|6868|7089|7186|7740|
Zane Trace Local SD|7740|7913|7896|7950|8401|8781|8748|9168|5428|5401|5511|5637|6409|6858|7667|7983|7659|8265|
Lakota Local SD|8265|9198|9279|9895|9544|10027|9685|9745|10108|4383|4623|4867|5269|5531|5809|6181|6232|6757|
Woodmore Local SD|6757|7675|7512|7414|8029|7834|8296|8550|8239|7593|5006|5175|5701|5974|6174|7058|6895|8055|
Bloom-Vernon Local SD|8055|7598|7918|7981|7940|8450|8746|9084|9002|8997|9215|4530|5016|5365|5692|6335|6221|6651|
Clay Local SD|6651|6937|7329|8070|7825|8105|7725|8423|9820|9246|9938|9636|4679|4383|5037|5427|6001|6347|
Green Local SD|6347|6083|7022|6959|7370|7735|9224|8242|9096|9394|9842|10046|10154|3944|4291|4611|5125|5547|
Minford Local SD|5547|5712|5937|6528|6518|6770|6306|6677|6876|7398|7489|7823|8016|8145|4685|5016|5087|5574|
Northwest Local SD|5574|5886|6288|8317|9095|8704|8351|7856|8401|8583|8973|9114|9255|10115|10769|3990|4403|4460|
Valley Local SD|4460|5460|5764|5822|6460|6669|6351|7760|6925|7424|7945|8397|8578|8934|9415|8925|3960|4317|
Washington-Nile Local SD|4317|4777|4891|5703|6084|5866|6666|6118|6485|6726|7563|7880|8011|8601|9238|9055|8928|4809|
Wheelersburg Local SD|4809|5072|5429|5513|6334|6474|6946|7840|7970|8579|8047|8474|8775|8698|9243|9510|9346|9529|
Seneca East Local SD|9529|5066|5435|6042|5930|7948|6881|7298|7386|8930|8185|7657|8011|8241|9856|8951|9063|9411|
Bettsville Local SD|9411|9506|4064|4633|4887|5084|5639|6396|6488|7084|6961|7060|7570|7616|8087|8525|8753|8915|
Hopewell-Loudon Local SD|8915|8995|9110|4453|4544|4531|4623|5083|5662|5815|6321|6251|7562|7099|7289|7598|8142|8164|
New Riegel Local SD|8164|8539|8888|9380|4890|5230|5835|6350|6422|6910|7089|7603|7924|8687|8060|8186|8309|8327|
Old Fort Local SD|8327|9477|10082|10214|11052|4481|4854|4993|5236|5596|5870|5919|6318|6731|6980|6556|7188|7371|
Anna Local SD|7371|7637|7854|7958|8021|8118|4205|4705|5035|4850|5153|5706|6254|6561|7006|6841|7553|8048|
Botkins Local SD|8048|7847|8133|8414|8359|8878|9348|4393|4671|5328|5393|5765|5800|6050|6554|6749|7132|7780|
Fairlawn Local SD|7780|7985|7798|8261|8970|8959|9151|8744|4749|4968|5124|5485|5748|6210|6963|7446|7925|7827|
Fort Loramie Local SD|7827|7299|7754|7301|8281|7819|8754|9087|9361|5058|5163|5429|6086|6677|7529|8112|8375|8823|
Hardin-Houston Local SD|8823|9086|9214|9443|10217|10050|10558|10380|10813|10149|5131|5166|5699|5651|5943|6639|7134|7743|
Jackson Center Local SD|7743|8305|8651|8292|8340|8514|9068|9491|10258|9844|10427|5102|5308|5478|5816|6180|6500|6736|
Russia Local SD|6736|7068|7048|7247|7664|7484|8491|8757|9149|8959|9090|8586|4150|4647|4938|4872|5235|5365|
Canton Local SD|5365|5671|6717|6908|7229|7601|7281|8117|8407|8176|8692|8732|8739|4217|4615|4804|4827|5401|
Fairless Local SD|5401|5858|6160|6428|7159|7449|8169|8080|9065|8508|9110|9433|9799|9553|4428|4674|5462|5115|
Jackson Local SD|5115|5329|5819|6139|7010|7212|7278|7608|8130|8037|8037|8281|9148|9856|9854|4332|4476|4759|
Lake Local SD|4759|4694|4703|5207|6076|6250|7176|7701|7406|6999|7129|7056|7277|7799|8150|7427|3524|4686|
Louisville City SD|4686|4611|5377|5158|5427|5719|6000|6789|6229|6481|6663|7285|7197|7187|7472|7919|7721|3967|
Marlington Local SD|3967|4240|4399|4539|5070|5593|5538|5748|5880|6356|6412|6728|7390|7878|8124|8565|8164|8259|
Minerva Local SD|8259|5107|5051|5413|5336|5858|6066|6674|7233|7840|8006|8945|9701|9907|10407|10034|9610|9680|
Northwest Local SD|9680|10489|4839|5317|5118|5263|5814|6518|6858|7101|6909|7836|8028|7821|8175|8220|8745|8101|
Osnaburg Local SD|8101|9391|9077|4518|4824|5478|5907|5845|6927|7605|7433|7631|7795|8235|8669|9058|9130|9668|
Perry Local SD|9668|9238|9788|9557|4674|4852|5077|5231|5682|5530|5814|6427|6398|7120|7114|7639|8125|8261|
Plain Local SD|8261|8870|9536|8612|8982|4467|4821|5237|5102|5374|6321|6567|7225|7240|7679|8014|8552|9260|
Sandy Valley Local SD|9260|10196|9458|9455|9498|10163|4493|4403|4822|5429|5270|5641|6340|6884|7570|7592|7655|8305|
Tuslaw Local SD|8305|8424|8084|8700|8538|8570|8435|5082|5170|5498|5728|6057|6397|6895|7290|7590|8299|7955|
Woodridge Local SD|7955|8193|8584|9297|9783|10077|10108|10223|4536|4919|5331|5740|6165|6584|6887|7177|7634|7765|
Copley-Fairlawn City SD|7765|8392|8514|9408|9128|10006|9847|10109|9858|4953|5015|5223|5319|6261|6404|6592|6656|7458|
Coventry Local SD|7458|7727|7485|7645|8362|8629|9143|9311|9580|9233|4530|4420|4941|5047|5414|5693|6387|6229|
Manchester Local SD|6229|6473|6767|6980|7174|7983|7514|8662|7884|8113|8343|2099|4479|4754|4817|5125|5783|6132|
Green Local SD|6132|6940|6742|6995|6664|7380|6996|7952|7810|7716|8472|8909|4443|5491|5080|5248|5082|5447|
Hudson Local SD|5447|5600|7009|7695|7904|9228|9909|10101|10743|9862|10178|12019|13851|4381|4433|4572|4655|5081|
Mogadore Local SD|5081|5628|6351|6401|6376|6710|6892|7060|7134|7092|7582|8103|7796|7734|5035|4847|5036|5263|
Nordonia Hills City SD|5263|5662|5372|5969|6453|6829|7308|7843|8223|8534|8591|8877|9164|9344|9677|4896|5050|5204|
Revere Local SD|5204|5214|5933|6084|6617|7046|6508|6413|6608|7613|8021|9125|9239|9941|9073|9355|5179|5388|
Springfield Local SD|5388|5404|5891|6153|6198|6033|7011|6887|7135|7263|8014|7803|8312|8584|8703|8569|8559|3848|
Twinsburg City SD|3848|4224|4587|4797|5208|5864|6108|6693|6735|7136|7493|8323|8659|9067|9029|8986|8294|8870|
Bloomfield-Mespo Local SD|8870|4169|4540|4997|5288|5952|6164|7205|7253|7212|7331|7533|7734|7618|8039|7878|8091|8248|
Bristol Local SD|8248|8592|4290|4551|5001|5388|6191|6000|6436|7143|7088|7642|7935|7171|8048|8131|9066|8646|
Brookfield Local SD|8646|9024|8389|4109|4374|5171|5470|5396|5466|6153|6624|6951|6881|7411|7886|7696|8471|8663|
Champion Local SD|8663|8507|8514|7768|4756|4958|4995|5672|6038|6304|6736|7082|8250|9047|8779|8512|8854|9244|
Mathews Local SD|9244|8993|9103|9014|4695|5024|5315|5283|5735|5907|6084|6840|7325|7732|7283|7714|7651|8228|
Howland Local SD|8228|8612|8484|8735|8717|6497|6212|6023|6221|6480|7125|7537|7558|8189|8850|8825|9042|9686|
Joseph Badger Local SD|9686|10523|11615|11745|11309|11403|4215|4397|4572|4877|4973|5606|6155|6514|6912|7430|7707|8059|
Lakeview Local SD|8059|8759|9552|8310|8711|8938|9115|5029|5220|5224|5746|6023|6439|6671|7265|7496|7542|7937|
Liberty Local SD|7937|8193|8282|8623|8713|8899|8489|8566|4674|4815|4934|5371|5532|5746|5939|6260|6412|7184|
Lordstown Local SD|7184|7451|7136|7993|8688|8546|9125|8771|8824|4717|4759|4852|5153|5673|5646|6163|6191|6452|
Maplewood Local SD|6452|6154|7275|7348|7503|7697|7704|7818|8453|8701|4735|4976|5003|5318|5487|5907|6978|6872|
McDonald Local SD|6872|6978|7656|8091|7774|8933|9013|8333|8620|8596|9897|4420|4732|4988|5152|5731|6187|6374|
Southington Local SD|6374|6771|6789|6665|7261|7165|7856|8057|8358|8538|8284|7566|4646|4720|4690|4886|5253|5716|
La Brae Local SD|5716|6069|6464|6682|6735|7361|7950|8147|8228|7610|8109|7967|7959|4600|4948|4562|4787|5224|
Weathersfield Local SD|5224|5567|6620|6820|6824|7046|7918|8115|8708|8854|8735|9181|9568|9361|5058|5604|5530|5920|
Garaway Local SD|5920|6042|6343|6441|6667|6858|7308|7818|7941|8271|8746|8999|9196|9703|8991|4596|4731|5037|
Indian Valley Local SD|5037|5426|5623|6003|6422|6559|6985|7223|7442|7661|7911|8065|8070|8612|8779|8848|4660|4764|
Strasburg-Franklin Local SD|4764|4986|5054|5903|5757|6453|6502|6896|7631|8227|8867|9024|8733|8603|9523|9013|9422|4761|
Tuscarawas Valley Local SD|4761|4507|4882|5002|5091|5538|5870|6205|6010|6056|6307|7049|7109|7260|7199|7427|7426|7809|
Fairbanks Local SD|7809|7972|8355|8638|8340|7458|7173|7941|8594|8943|9460|9806|9643|10290|10726|11258|12192|11571|
North Union Local SD|11571|11196|6059|6750|7076|6932|7123|7457|8238|8462|8417|8381|8533|8811|8930|9281|9478|9928|
Crestview Local SD|9928|10142|10329|4279|5290|5407|5953|5723|6264|6846|6669|6907|7165|7772|8339|8567|8904|8892|
Lincolnview Local SD|8892|8913|9522|8836|4945|5179|5651|5822|6406|6614|6991|7169|7047|7158|7381|7492|8138|8242|
Vinton County Local SD|8242|8570|8421|8663|9156|4809|4948|5380|5767|6177|6336|6872|7205|7500|7960|8219|8448|8982|
Carlisle Local SD|8982|8795|9399|9062|9259|9456|5777|6048|6399|6966|7427|7928|8548|8873|9214|9670|9978|10609|
Springboro Community City SD|10609|11109|11880|12740|13710|13671|13211|6057|6209|6260|6248|6640|7428|7705|7754|7857|8754|9142|
Kings Local SD|9142|9272|8704|9462|9663|10329|10452|10108|6343|6691|6690|6843|7094|7505|7962|8237|8477|8420|
Little Miami Local SD|8420|8697|9035|9468|10150|10201|10762|10385|10323|5775|6276|6305|6499|6920|7560|7795|7868|8666|
Mason City SD|8666|9428|9876|10062|10484|11087|11134|12812|11515|13476|5073|5521|5840|6123|6701|7024|7242|7501|
Wayne Local SD|7501|7772|8688|9116|9721|10045|10148|10201|10040|9701|9750|5951|6092|6556|6485|6809|7793|7995|
Fort Frye Local SD|7995|8173|8684|8815|8377|8946|8927|9120|9704|10257|10450|9953|6001|5261|5755|6370|7816|6805|
Frontier Local SD|6805|7538|8166|8444|9149|8767|9410|10301|11213|10708|12441|13824|12723|4504|4551|5043|5400|5823|
Warren Local SD|5823|5754|6955|7387|7173|7162|6147|6348|6919|7252|7267|7500|8123|8558|4511|4784|5420|5807|
Wolf Creek Local SD|5807|6517|6132|7039|7609|7361|7548|8009|8162|8113|8055|8183|8406|8505|8757|4909|5356|5329|
Chippewa Local SD|5329|5807|6175|6315|6988|7468|7958|8340|9181|8596|8615|9089|9281|9377|9325|9771|5218|5290|
Dalton Local SD|5290|5241|5540|5595|6531|7815|8847|8169|8529|8523|8919|9240|9485|10018|10126|9971|10401|5103|
Green Local SD|5103|5225|5366|5740|6096|6686|7084|7450|7522|7961|8863|9215|9836|9964|9838|10081|10155|9600|
North Central Local SD|9600|4465|4518|5039|5186|5046|5598|6036|6703|7036|6976|7431|7952|7520|7757|8187|8255|8469|
Northwestern Local SD|8469|8267|4417|4941|5015|5218|5613|5647|6301|6679|6813|7043|6995|7475|8273|8158|7921|7759|
Southeast Local SD|7759|8127|8442|4556|5021|5548|5961|5861|6245|6994|7736|7899|7329|7756|8039|9428|10413|10918|
Triway Local SD|10918|11703|12003|12868|7002|7186|8413|8782|9232|9753|11172|10056|11188|11550|11952|11785|12591|12112|
Edgerton Local SD|12112|14509|13463|11409|11885|4273|4558|4659|4926|5314|5816|6179|6874|8108|7941|7734|7439|7910|
Edon-Northwest Local SD|7910|8289|8616|9033|9456|9850|4358|4716|5119|5259|6060|5464|6126|6663|6753|6516|6580|6458|
Millcreek-West Unity Local S|6458|6930|7409|7144|7758|5060|5508|4403|5122|5282|6337|5656|6135|6209|6575|6212|6322|6287|
North Central Local SD|6287|7057|6974|7181|6984|6970|7485|8079|4743|4966|5198|5878|6265|7024|7370|7592|8024|8476|
Stryker Local SD|8476|8193|8226|8300|9007|9084|8304|8523|8657|4905|4914|5263|5721|6317|6490|7379|8108|8187|
Eastwood Local SD|8187|8075|7646|8416|8827|9346|9079|9295|8925|9051|4443|4510|4862|4946|5624|6060|7339|7314|
Elmwood Local SD|7314|7719|7428|7319|8068|8693|8722|8720|8966|9104|9552|4642|5094|4954|5199|5199|5637|5988|
Lake Local SD|5988|6525|6640|7168|7580|7371|7429|8469|7972|7782|7980|8294|4300|4708|4695|4964|5236|5671|
North Baltimore Local SD|5671|5767|6172|6296|6351|6826|7246|7387|7333|7778|8241|8262|8674|4165|4398|4559|4654|5101|
Northwood Local SD|5101|5509|6115|6716|6876|6926|7170|7871|7873|7336|7582|7774|7947|8220|5125|5289|5828|6253|
Otsego Local SD|6253|5994|6958|7953|7585|7746|7859|8444|8653|9590|9735|9444|10193|10857|9754|5283|5099|5271|
Mohawk Local SD|5271|5355|5873|6613|6756|7018|7582|7366|7915|8196|8090|9036|9702|10128|9973|10984|4201|4236|
Ohio Valley Local SD|4236|4580|4963|5502|5780|5971|6246|6693|7125|7083|7684|8324|8945|8834|8817|9342|10067|5294|
College Corner Local SD|5294|5240|5130|5566|6098|6745|7017|7057|7149|7351|7890|8128|8384|8751|9430|9562|9553|8909|
Gallia County Local SD|8909|4204|4539|5396|5014|5625|5788|6658|6793|7978|8489|9062|9286|9374|9579|10187|11115|10907|
East Guernsey Local SD|10907|10775|5425|5412|5757|6607|6234|6489|7210|7823|8857|8208|7782|8841|8940|9038|8970|9156|
Tri-County North Local SD|9156|9817|9865|4435|4722|5103|5130|5281|5326|6111|6231|7162|6691|7233|7268|8105|8680|8435|
Monroe Local SD|8435|8018|7928|7812|4621|5476|5839|5905|6473|7009|7395|7924|8178|8236|8378|9072|9829|9721|
